15:3:10 2 0 1 0
15:3:38 2 2 2 2
15:4:7 2 2 2 2
15:4:22 2 2 2 2
15:4:37 2 2 2 2
15:4:52 2 0 1 0
15:5:7 2 0 1 0
15:5:19 2 0 1 0
15:8:45 2 2 2 2
15:9:0 2 2 2 1
15:9:15 2 2 2 2
15:9:25 2 2 2 1
15:30:0 2 2 2 1
15:31:49 2 1 2 1
15:32:4 2 2 2 2
15:33:35 2 2 2 2
15:33:45 2 2 2 2
15:35:46 2 2 2 2
15:37:30 2 2 2 2
15:37:45 2 2 2 2
15:37:59 2 2 1 1
15:39:26 2 2 2 2
15:51:40 2 0 1 0
15:53:51 2 2 2 2
15:54:6 2 2 2 2
15:54:53 2 0 1 0
15:55:16 2 2 2 2
15:55:27 2 2 2 2
17:31:6 2 1 1 1
17:31:21 2 2 2 1
17:31:27 2 2 2 1
